%YAML:1.0
---
K_l: !!opencv-matrix
   rows: 3
   cols: 3
   dt: d
   data: [ 3.5778503417968750e+02, 0., 3.5935647583007812e+02, 0.,
       3.2840179443359375e+02, 2.4553413391113281e+02, 0., 0., 1. ]
coeffs_l: !!opencv-matrix
   rows: 1
   cols: 5
   dt: d
   data: [ -2.9156875610351562e-01, 7.5721740722656250e-02,
       -6.9808959960937999e-04, 1.1444091796879999e-05, 0. ]
K_r: !!opencv-matrix
   rows: 3
   cols: 3
   dt: d
   data: [ 3.5555325317382812e+02, 0., 3.5698928833007812e+02, 0.,
       3.1856344604492188e+02, 2.5045355224609375e+02, 0., 0., 1. ]
coeffs_r: !!opencv-matrix
   rows: 1
   cols: 5
   dt: d
   data: [ -2.8449630737304688e-01, 7.0320129394531250e-02,
       -1.0490417480468800e-03, 8.1253051757812001e-04, 0. ]
